ID103 Salina 0 3 1
ID104 Hello 0 3 1
175516154741 Yogesh 0 0 2
175516284741 RamShar 971 2 2
175525853041 1sudip 0 0 1
175525888241 1sudip 0 3 1
175525894841 1sudip  0 3 1
175525904341 sudip 0 3 1
175525956141 sudip 0 3 1
175526290541 sudip 0 2 1
175526300041 sudip 0 2 1
175526322741 sudip 0 0 1
175526349241 sudip shrestha 0 3 1
175526405941 suidio 0 3 1
175526870841 sudip shrestha 0 3 1
175526876141 sudip shrestha 0 3 1
175526877841 suidp 0 3 1
175526883141 sudip 0 3 1
175526884341 sudip 0 3 1
175526885441 he 0 3 1
1755268898467 sudip 0 3 1
175526900841 sudip 0 3 1
175526945441 sudip shrestha 0 3 1
175526947441 go 0 3 1
175526949241 hello 0 3 1
